Silhouette 	 Rand 	 Radius (Manhattan) 	 Radius (Euclides) 	 Execution Time
0.8061059331983794	0.4864476727748717	29567.0	21763.622056082484	1.6412293910980225
0.8061059331983794	0.4864476727748717	29567.0	21763.622056082484	1.5831677913665771
0.8061059331983794	0.4864476727748717	29567.0	21763.622056082484	1.481553316116333
0.8142060160368664	0.48693528280758097	29567.0	21763.622056082484	1.5019090175628662
0.8431158351907292	0.4870088509108983	29567.0	21763.622056082484	1.4946067333221436
0.8061059331983794	0.4864476727748717	29567.0	21763.622056082484	1.5700674057006836
0.8070854938173652	0.48647499922025056	29567.0	21763.622056082484	1.4948954582214355
0.8084271987857115	0.4853811767475694	29567.0	21763.622056082484	1.5269298553466797
0.8061059331983794	0.4864476727748717	29567.0	21763.622056082484	1.4683573246002197
0.8061059331983794	0.4864476727748717	29567.0	21763.622056082484	1.4977061748504639
0.8061059331983794	0.4864476727748717	29567.0	21763.622056082484	1.504971981048584
0.8067469248109758	0.48641354490199806	29567.0	21763.622056082484	1.509690284729004
0.8070854938173652	0.48647499922025056	29567.0	21763.622056082484	1.5098414421081543
0.8431158351907292	0.4870088509108983	29567.0	21763.622056082484	1.5162076950073242
0.8279840773333611	0.4852918325520747	29567.0	21763.622056082484	1.51273775100708
0.8061059331983794	0.4864476727748717	29567.0	21763.622056082484	1.4981324672698975
0.8061059331983794	0.4864476727748717	29567.0	21763.622056082484	1.476592779159546
0.8070854938173652	0.48647499922025056	29567.0	21763.622056082484	1.4998753070831299
0.8061059331983794	0.4864476727748717	29567.0	21763.622056082484	1.5451452732086182
0.8061059331983794	0.4864476727748717	29567.0	21763.622056082484	1.523233413696289
0.7640679487640266	0.5002766651675354	29567.0	21763.622056082484	1.4639215469360352
0.8104025532890876	0.4865005951249058	29567.0	21763.622056082484	1.4831533432006836
0.8061059331983794	0.4864476727748717	29567.0	21763.622056082484	1.4783070087432861
0.8065053142146893	0.4853121563442931	29567.0	21763.622056082484	1.5117549896240234
0.8104025532890876	0.4865005951249058	29567.0	21763.622056082484	1.5211715698242188
0.8048625232652797	0.48535815653143294	29567.0	21763.622056082484	1.457615613937378
0.709929338356751	0.5055788004736852	29567.0	21763.622056082484	1.5060901641845703
0.8119210595776986	0.486686406904455	29567.0	21763.622056082484	1.4948370456695557
0.808989275992699	0.4867834781655061	29567.0	21763.622056082484	1.4686861038208008
0.8061059331983794	0.4864476727748717	29567.0	21763.622056082484	1.4477686882019043


----------------------------------------------------------------------------------------------------

K-Centers Results
----------------------------------------------------------------------------------------------------
Max Radius (Manhattan) [Mean] = 29567.0	 [Standard Deviation] = 0.0
Max Radius (Euclidean) [Mean] = 21763.622056082484	 [Standard Deviation] = 0.0
Silhouette [Mean] = 0.8057103355709572	 [Standard Deviation] = 0.021897944662633576
Rand [Mean] = 0.48747603788006083	 [Standard Deviation] = 0.004209161549916251
Execution Time [Mean] = 1.5063385645548502	 [Standard Deviation] = 0.038591264084514104
----------------------------------------------------------------------------------------------------

K-Means Results
----------------------------------------------------------------------------------------------------
Max Radius (Manhattan) =  23081.621900826438
Max Radius (Euclidean) =  20898.422266731606
Silhouette =  0.8161503860847564
Rand =  0.5212499333439983
Execution Time =  0.7824091911315918
