Silhouette 	 Rand 	 Radius (Manhattan) 	 Radius (Euclides) 	 Execution Time
0.371622404583809	0.49395327754205587	5456.380000000001	3910.5663871618394	5.422178745269775
0.388873657534367	0.5459747338810284	4903.760000000001	3754.00848299521	2.5420429706573486
0.45275798388440647	0.5509487697194432	5456.380000000001	3910.5663871618394	2.2992794513702393
0.363951084419081	0.48062759713296854	5456.380000000001	3910.5663871618394	2.2361721992492676
0.36106680202472186	0.569880920915786	4903.760000000001	3754.00848299521	1.928239345550537
0.3347395256243407	0.4308421970148382	4903.760000000001	3754.00848299521	1.9279754161834717
0.34770073823149567	0.40710827897306934	4903.760000000001	3754.00848299521	2.1366312503814697
0.45008807684593993	0.607044026731018	5456.380000000001	3910.5663871618394	1.9444477558135986
0.3582478023557828	0.46288404725003013	5456.380000000001	3910.5663871618394	2.0137736797332764
0.3053339804959935	0.5172071414086281	4903.760000000001	3754.00848299521	1.976252555847168
0.45367340694573877	0.6103928587998985	5456.380000000001	3910.5663871618394	2.010618209838867
0.3886811844119862	0.549842797049975	4903.760000000001	3754.00848299521	1.9745793342590332
0.46295120626231506	0.6041549696307151	5456.380000000001	3910.5663871618394	1.9500572681427002
0.3836428640726804	0.5043353972248245	5456.380000000001	3910.5663871618394	1.9344844818115234
0.3082534392573174	0.5384137437761343	4903.760000000001	3754.00848299521	1.910623550415039
0.3870078936760994	0.4920187767728536	5456.380000000001	3910.5663871618394	1.919614315032959
0.3689502989304461	0.49001040547465596	5456.380000000001	3910.5663871618394	2.0022165775299072
0.3909847694883432	0.5770805605819141	4903.760000000001	3754.00848299521	1.9671862125396729
0.36669358038706035	0.4689555843669734	5456.380000000001	3910.5663871618394	1.927706003189087
0.3051407248282759	0.4849615607377878	4903.760000000001	3754.00848299521	1.9656243324279785
0.31550024855982106	0.460169135881632	4903.760000000001	3754.00848299521	1.9508056640625
0.43981452785093667	0.6063136364370946	5456.380000000001	3910.5663871618394	1.9677190780639648
0.46448589430332565	0.60334218528522	5456.380000000001	3910.5663871618394	1.9996941089630127
0.3516439355929914	0.5195187363708352	5456.380000000001	3910.5663871618394	1.948244571685791
0.37400791129579425	0.4914514281722492	5456.380000000001	3910.5663871618394	1.9826557636260986
0.39148358827639995	0.5815071621048878	4903.760000000001	3754.00848299521	1.96415114402771
0.46336682550205976	0.5983512066649255	5456.380000000001	3910.5663871618394	1.974804401397705
0.3657884538665663	0.5570173353331029	4903.760000000001	3754.00848299521	1.9084138870239258
0.3778409678573184	0.48895828478574677	5456.380000000001	3910.5663871618394	2.0047733783721924
0.4609945776016944	0.5755795865022852	5456.380000000001	3910.5663871618394	1.8883872032165527


----------------------------------------------------------------------------------------------------

K-Centers Results
----------------------------------------------------------------------------------------------------
Max Radius (Manhattan) [Mean] = 5235.332000000003	 [Standard Deviation] = 270.7274043313679
Max Radius (Euclidean) [Mean] = 3910.5663871618394	 [Standard Deviation] = 0.0
Silhouette [Mean] = 0.3851762784989036	 [Standard Deviation] = 0.04915598857168987
Rand [Mean] = 0.5289615447507526	 [Standard Deviation] = 0.05630807119793979
Execution Time [Mean] = 2.1193117618560793	 [Standard Deviation] = 0.627560478754058
----------------------------------------------------------------------------------------------------

K-Means Results
----------------------------------------------------------------------------------------------------
Max Radius (Manhattan) =  4624.0164009901055
Max Radius (Euclidean) =  3457.3055496215884
Silhouette =  0.4825474029109335
Rand =  0.6210189806075526
Execution Time =  1.119994878768921
