Silhouette 	 Rand 	 Radius (Manhattan) 	 Radius (Euclides) 	 Execution Time
0.3955765925672669	0.5300029983859752	57.771300000000004	34.497591971179666	0.17346906661987305
0.46223346801968174	0.5255107357103517	58.1105	34.497591971179666	0.12668633460998535
0.4612507043178806	0.540065666779372	58.1105	34.497591971179666	0.12115001678466797
0.46399306158750386	0.531090710745067	56.9204	34.24743328046644	0.11974382400512695
0.465076361596761	0.5460794508487984	58.1105	34.497591971179666	0.12080979347229004
0.46841213885953165	0.5520368822740099	58.1105	34.497591971179666	0.12025189399719238
0.4624877549763742	0.5404814004376368	58.1105	34.497591971179666	0.12199568748474121
0.46538934554580996	0.5344686796256484	58.1105	34.497591971179666	0.1198568344116211
0.46416393679832924	0.5360252885149058	58.1105	34.497591971179666	0.11740255355834961
0.3963239466151813	0.5460794508487984	58.1105	34.38418357021146	0.11457705497741699
0.4650900261150274	0.5460794508487984	58.1105	34.497591971179666	0.12057638168334961
0.3949873930112649	0.5296446806293633	57.771300000000004	34.497591971179666	0.15199542045593262
0.37165069112406907	0.5248515160987809	58.1105	34.38418357021146	0.11771726608276367
0.46402051750943446	0.545194820660368	58.1105	34.497591971179666	0.12340497970581055
0.46349256975892095	0.5372150735880473	58.1105	34.497591971179666	0.12506818771362305
0.465076361596761	0.5460794508487984	58.1105	34.497591971179666	0.12334108352661133
0.46271548103208315	0.5278849895694445	58.1105	34.497591971179666	0.12359142303466797
0.46353808120416307	0.5300029983859752	58.1105	34.497591971179666	0.11890006065368652
0.46887369696234443	0.5525100318339277	58.1105	34.497591971179666	0.11914658546447754
0.46303461308608324	0.5300029983859752	56.9204	34.24743328046644	0.12473773956298828
0.46773192653749646	0.5506301926835129	58.1105	34.497591971179666	0.12345743179321289
0.4623829251327843	0.5368163520487907	58.1105	34.497591971179666	0.12264752388000488
0.4682637301461546	0.5506301926835129	58.1105	34.497591971179666	0.12286877632141113
0.34550718596399	0.5190131695066272	50.418589999999995	31.859511371709704	0.12055587768554688
0.4681238317580997	0.5520368822740099	58.1105	34.497591971179666	0.12154793739318848
0.46185545060016625	0.5364197570244102	58.1105	34.497591971179666	0.12252497673034668
0.46192662216233216	0.5245250960653095	58.1105	34.497591971179666	0.12345623970031738
0.33853379779734755	0.531090710745067	50.04172	32.00119620811697	0.1349949836730957
0.46350123936470466	0.5380188962111885	58.1105	34.497591971179666	0.1227571964263916
0.46303257620534605	0.5344686796256484	58.1105	34.497591971179666	0.11841106414794922


----------------------------------------------------------------------------------------------------

K-Centers Results
----------------------------------------------------------------------------------------------------
Max Radius (Manhattan) [Mean] = 57.48319033333333	 [Standard Deviation] = 1.9623791419235381
Max Radius (Euclidean) [Mean] = 34.497591971179666	 [Standard Deviation] = 0.0
Silhouette [Mean] = 0.4462748675984299	 [Standard Deviation] = 0.03787539349267252
Rand [Mean] = 0.5374985734629373	 [Standard Deviation] = 0.009315146934283173
Execution Time [Mean] = 0.12458813985188802	 [Standard Deviation] = 0.011124379659830475
----------------------------------------------------------------------------------------------------

K-Means Results
----------------------------------------------------------------------------------------------------
Max Radius (Manhattan) =  43.75819737948409
Max Radius (Euclidean) =  27.109931584271216
Silhouette =  0.43228842682083957
Rand =  0.5248515160987809
Execution Time =  0.02881169319152832
