Silhouette 	 Rand 	 Radius (Manhattan) 	 Radius (Euclides) 	 Execution Time
0.6795495868083004	0.6374058784093716	18371.025	17113.196761582127	0.3347597122192383
0.68786664594631	0.6058209459289167	18371.025	17113.196761582127	0.3145101070404053
0.6796947905199479	0.6370729936941433	18371.025	17113.196761582127	0.29837584495544434
0.6413559486670128	0.5043175208052947	18448.955	17113.196761582127	0.30003952980041504
0.6864137219492981	0.5741301597382893	18371.025	17113.196761582127	0.30076074600219727
0.6865161260478634	0.5775965159007395	18371.025	17113.196761582127	0.2968568801879883
0.6875643674305054	0.5903511822851296	18371.025	17113.196761582127	0.2984015941619873
0.6887645737808322	0.5997703478554542	18371.025	17113.196761582127	0.29869794845581055
0.6247962851442964	0.5015850837000408	18413.955	17113.169443461516	0.29636478424072266
0.6868364985749288	0.5832033348959357	18371.025	17113.196761582127	0.2963998317718506
0.6582345917471867	0.5372954881116202	18448.955	17113.196761582127	0.29805493354797363
0.6888068684997316	0.59863801559578	18371.025	17113.196761582127	0.2977001667022705
0.6877299290119302	0.5914351242772964	18371.025	17113.196761582127	0.29720377922058105
0.686555259525411	0.5783495894388241	18371.025	17113.196761582127	0.294513463973999
0.6866848659541259	0.6114485324139183	18371.025	17113.196761582127	0.29901957511901855
0.6799301443353398	0.6364084340203743	18371.025	17113.196761582127	0.3003809452056885
0.6835713059444167	0.6234559724175475	18371.025	17113.196761582127	0.29745984077453613
0.6867978361306042	0.5826855590336061	18371.025	17113.196761582127	0.29460716247558594
0.6864055114092936	0.6126518370659367	18371.025	17113.196761582127	0.30129528045654297
0.6821696147483205	0.5619471033888309	18448.955	17113.196761582127	0.297412633895874
0.6888068684997316	0.59863801559578	18371.025	17113.196761582127	0.3009305000305176
0.610190026111388	0.5001323675442443	18448.955	17113.196761582127	0.3023512363433838
0.686431318752856	0.5746205144490314	18371.025	17113.196761582127	0.31752920150756836
0.6796947905199479	0.6370729936941433	18371.025	17113.196761582127	0.3248870372772217
0.6875061680696926	0.6075823516661878	18371.025	17113.196761582127	0.325275182723999
0.6585298108285589	0.5376438980376739	18448.955	17113.196761582127	0.32402682304382324
0.6864055114092936	0.6126518370659367	18371.025	17113.196761582127	0.3267552852630615
0.6881794269960242	0.603784320545197	18371.025	17113.196761582127	0.3258848190307617
0.6862190898388264	0.5695522388059702	18456.955	17113.196761582127	0.3221611976623535
0.6857926469399833	0.5672012783095667	18455.955	17113.195738979466	0.32410097122192383


----------------------------------------------------------------------------------------------------

K-Centers Results
----------------------------------------------------------------------------------------------------
Max Radius (Manhattan) [Mean] = 18391.13966666667	 [Standard Deviation] = 33.99386451830532
Max Radius (Euclidean) [Mean] = 17113.195738979466	 [Standard Deviation] = 0.0
Silhouette [Mean] = 0.6778000043380653	 [Standard Deviation] = 0.019335202699601917
Rand [Mean] = 0.5851483144896927	 [Standard Deviation] = 0.03789670981681784
Execution Time [Mean] = 0.3068905671437581	 [Standard Deviation] = 0.01256571191098449
----------------------------------------------------------------------------------------------------

K-Means Results
----------------------------------------------------------------------------------------------------
Max Radius (Manhattan) =  15058.038894878711
Max Radius (Euclidean) =  14256.024253992942
Silhouette =  0.6766355779569376
Rand =  0.5558386386204741
Execution Time =  0.11690735816955566
