Silhouette 	 Rand 	 Radius (Manhattan) 	 Radius (Euclides) 	 Execution Time
0.14307951841286057	0.5158358974358974	16.0	8.0	0.07366013526916504
0.10793667113482974	0.5135897435897436	16.0	8.0	0.0714573860168457
0.0988648816182464	0.5060820512820513	16.0	8.0	0.0706934928894043
0.13582583555101269	0.5507333333333333	16.0	8.0	0.07030367851257324
0.10793667113482974	0.5135897435897436	16.0	8.0	0.0704336166381836
0.12679047622423906	0.6131384615384615	16.0	8.0	0.07036662101745605
0.13582583555101269	0.5507333333333333	16.0	8.0	0.07152891159057617
0.14625236332533026	0.5211076923076923	16.0	8.0	0.07182860374450684
0.1358258355510127	0.5158615384615385	16.0	8.0	0.07094311714172363
0.13105465922926715	0.5082717948717949	16.0	8.0	0.07033491134643555
0.1307402533108257	0.5772615384615385	16.0	8.0	0.07156753540039062
0.14316682097788466	0.6015897435897436	16.0	8.0	0.07021927833557129
0.1307402533108257	0.5128	16.0	8.0	0.06968188285827637
0.1307402533108257	0.5128	16.0	8.0	0.07093477249145508
0.1438674175150184	0.5726871794871795	16.0	8.0	0.07009434700012207
0.14625236332533026	0.7701128205128205	16.0	8.0	0.07169318199157715
0.1310546592292672	0.5902205128205128	16.0	8.0	0.07116961479187012
0.14625236332533023	0.5720820512820513	16.0	8.0	0.07081437110900879
0.10793667113482966	0.5561230769230769	16.0	8.0	0.07207465171813965
0.13105465922926712	0.5867948717948718	16.0	8.0	0.07264328002929688
0.13582583555101269	0.5680666666666667	16.0	8.0	0.07141971588134766
0.1431668209778848	0.5831794871794872	16.0	8.0	0.07076549530029297
0.1358258355510127	0.5574410256410256	16.0	8.0	0.0712885856628418
0.0988648816182464	0.5060820512820513	16.0	8.0	0.0711979866027832
0.13582583555101266	0.5158615384615385	16.0	8.0	0.07454299926757812
0.13105465922926712	0.5867948717948718	16.0	8.0	0.07295036315917969
0.14625236332533023	0.5584615384615385	16.0	8.0	0.07269430160522461
0.1307402533108257	0.5772615384615385	16.0	8.0	0.06978583335876465
0.1310546592292671	0.5369794871794872	16.0	8.0	0.0699012279510498
0.14316682097788477	0.5573846153846154	16.0	8.0	0.0719454288482666


----------------------------------------------------------------------------------------------------

K-Centers Results
----------------------------------------------------------------------------------------------------
Max Radius (Manhattan) [Mean] = 16.0	 [Standard Deviation] = 0.0
Max Radius (Euclidean) [Mean] = 8.0	 [Standard Deviation] = 0.0
Silhouette [Mean] = 0.13143254759079298	 [Standard Deviation] = 0.013539233531462455
Rand [Mean] = 0.5569642735042736	 [Standard Deviation] = 0.05086725313134091
Execution Time [Mean] = 0.0712978442509969	 [Standard Deviation] = 0.001131160843362526
----------------------------------------------------------------------------------------------------

K-Means Results
----------------------------------------------------------------------------------------------------
Max Radius (Manhattan) =  10.410256410256409
Max Radius (Euclidean) =  5.302797197673896
Silhouette =  0.1714249635445004
Rand =  0.5902974358974359
Execution Time =  0.00612950325012207
