Silhouette 	 Rand 	 Radius (Manhattan) 	 Radius (Euclides) 	 Execution Time
0.5798321484718151	0.504624028003901	15.9250914358	9.347991456677393	1.0851099491119385
0.5095603017326389	0.5169663508618049	15.1627004204	9.291451933678799	0.9802191257476807
0.5095603017326389	0.5169663508618049	15.9134935529	9.335080220342675	1.069380521774292
0.5798321484718151	0.504624028003901	15.9070599338	9.338723949287889	0.9743978977203369
0.5095603017326389	0.5169663508618049	15.9250914358	9.347991456677393	1.0091149806976318
0.5095603017326389	0.5169663508618049	15.9134935529	9.335080220342675	0.9734439849853516
0.5095603017326389	0.5169663508618049	15.9250914358	9.347991456677393	0.9586925506591797
0.3651918523612588	0.7769888997695045	15.9134935529	9.335080220342675	1.0618107318878174
0.5798321484718151	0.504624028003901	14.5361531315	9.269437847953082	0.9609220027923584
0.5798321484718151	0.504624028003901	15.9250914358	9.347991456677393	0.9660301208496094
0.3651918523612588	0.7769888997695045	15.9134935529	9.335080220342675	0.9549262523651123
0.5095603017326389	0.5169663508618049	15.9134935529	9.335080220342675	0.9208290576934814
0.5798321484718151	0.504624028003901	15.9250914358	9.347991456677393	0.9648308753967285
0.5798321484718151	0.504624028003901	15.9250914358	9.347991456677393	0.9798898696899414
0.5095603017326389	0.5169663508618049	15.9250914358	9.347991456677393	0.9571099281311035
0.5798321484718151	0.504624028003901	15.9070599338	9.338723949287889	0.9330792427062988
0.3651918523612588	0.7769888997695045	15.9134935529	9.335080220342675	1.0910394191741943
0.3614230989942021	0.7774602039815043	15.9134935529	9.335080220342675	1.0216083526611328
0.5095603017326389	0.5169663508618049	15.9134935529	9.335080220342675	1.0456295013427734
0.5798321484718151	0.504624028003901	15.9070599338	9.338723949287889	0.9646952152252197
0.5798321484718151	0.504624028003901	15.4070513375	9.313454267858724	0.970449686050415
0.5798321484718151	0.504624028003901	14.683981230499999	9.28696768455528	0.9974260330200195
0.3651918523612588	0.7769888997695045	15.9134935529	9.335080220342675	1.0481343269348145
0.5798321484718151	0.504624028003901	15.9070599338	9.338723949287889	1.0400729179382324
0.3651918523612588	0.7769888997695045	15.9154137284	9.346978045237915	1.0215985774993896
0.3651918523612588	0.7769888997695045	15.9134935529	9.335080220342675	1.0941648483276367
0.5095603017326389	0.5169663508618049	15.4070513375	9.313454267858724	0.9664280414581299
0.5095603017326389	0.5169663508618049	15.1627004204	9.291451933678799	1.1172337532043457
0.5095603017326389	0.5169663508618049	15.9134935529	9.335080220342675	1.1191282272338867
0.5095603017326389	0.5169663508618049	15.9134935529	9.335080220342675	1.0168640613555908


----------------------------------------------------------------------------------------------------

K-Centers Results
----------------------------------------------------------------------------------------------------
Max Radius (Manhattan) [Mean] = 15.744695134226664	 [Standard Deviation] = 0.37396251696131527
Max Radius (Euclidean) [Mean] = 9.335080220342675	 [Standard Deviation] = 0.0
Silhouette [Mean] = 0.5015150489047796	 [Standard Deviation] = 0.08152214422517373
Rand [Mean] = 0.5731284706994367	 [Standard Deviation] = 0.11263178270882074
Execution Time [Mean] = 1.0088086684544881	 [Standard Deviation] = 0.05525634642265417
----------------------------------------------------------------------------------------------------

K-Means Results
----------------------------------------------------------------------------------------------------
Max Radius (Manhattan) =  12.636531196584967
Max Radius (Euclidean) =  8.139786703977371
Silhouette =  0.5798321484718151
Rand =  0.504624028003901
Execution Time =  0.6361196041107178
