Silhouette 	 Rand 	 Radius (Manhattan) 	 Radius (Euclides) 	 Execution Time
0.9626571310852327	0.5228122430851516	19957.82	15840.015903596752	0.8054916858673096
0.9626571310852327	0.5228122430851516	19404.908000000003	15840.015903596752	0.6601548194885254
0.9626571310852327	0.5228122430851516	19795.192000000003	15840.015903596752	0.6435010433197021
0.9626571310852327	0.5228122430851516	20289.510000000002	15840.015903596752	0.6610348224639893
0.9626571310852327	0.5228122430851516	20292.373	15840.015903596752	0.6239206790924072
0.9626571310852327	0.5228122430851516	20260.867	15840.015903596752	0.6008527278900146
0.9626571310852327	0.5228122430851516	20305.025	15840.015903596752	0.6277861595153809
0.9626571310852327	0.5228122430851516	20235.059	15840.015903596752	0.6307408809661865
0.9626571310852327	0.5228122430851516	20152.082	15840.015903596752	0.6203293800354004
0.9626571310852327	0.5228122430851516	20190.689	15840.015903596752	0.6335756778717041
0.9626571310852327	0.5228122430851516	19705.066	15840.015903596752	0.6270787715911865
0.9626571310852327	0.5228122430851516	20307.465	15840.015903596752	0.6374711990356445
0.9626571310852327	0.5228122430851516	20335.085	15840.015903596752	0.6237421035766602
0.9626571310852327	0.5228122430851516	20224.315	15840.015903596752	0.6395809650421143
0.9626571310852327	0.5228122430851516	20249.892	15840.015903596752	0.651695966720581
0.9626571310852327	0.5228122430851516	20132.608	15840.015903596752	0.6337249279022217
0.9626571310852327	0.5228122430851516	19763.057999999997	15840.015903596752	0.6215226650238037
0.9626571310852327	0.5228122430851516	19883.406	15840.015903596752	0.6671464443206787
0.9626571310852327	0.5228122430851516	20225.031	15840.015903596752	0.6315076351165771
0.9626571310852327	0.5228122430851516	17842.705	15840.015903596752	0.6522202491760254
0.9626571310852327	0.5228122430851516	20262.874000000003	15840.015903596752	0.6439697742462158
0.9626571310852327	0.5228122430851516	19824.339	15840.015903596752	0.7586057186126709
0.9626571310852327	0.5228122430851516	19098.804	15840.015903596752	0.6286294460296631
0.9626571310852327	0.5228122430851516	19395.771	15840.015903596752	0.6443057060241699
0.9626571310852327	0.5228122430851516	20056.953	15840.015903596752	0.649059534072876
0.9626571310852327	0.5228122430851516	20260.692	15840.015903596752	0.6513509750366211
0.9626571310852327	0.5228122430851516	20319.422	15840.015903596752	0.6207473278045654
0.9626571310852327	0.5228122430851516	20286.424	15840.015903596752	0.6238198280334473
0.9626571310852327	0.5228122430851516	20254.398	15840.015903596752	0.6203649044036865
0.9626571310852327	0.5228122430851516	20213.136	15840.015903596752	0.6384778022766113


----------------------------------------------------------------------------------------------------

K-Centers Results
----------------------------------------------------------------------------------------------------
Max Radius (Manhattan) [Mean] = 19984.165633333334	 [Standard Deviation] = 505.8505702674442
Max Radius (Euclidean) [Mean] = 15840.015903596752	 [Standard Deviation] = 0.0
Silhouette [Mean] = 0.9626571310852329	 [Standard Deviation] = 2.220446049250313e-16
Rand [Mean] = 0.5228122430851517	 [Standard Deviation] = 1.1102230246251565e-16
Execution Time [Mean] = 0.6457469940185547	 [Standard Deviation] = 0.039618061113626604
----------------------------------------------------------------------------------------------------

K-Means Results
----------------------------------------------------------------------------------------------------
Max Radius (Manhattan) =  20100.298099380307
Max Radius (Euclidean) =  15662.149813918903
Silhouette =  0.8475319360841144
Rand =  0.5368634417848672
Execution Time =  0.34064173698425293
