Silhouette 	 Rand 	 Radius (Manhattan) 	 Radius (Euclides) 	 Execution Time
0.7463787446125997	0.6283909170659289	730.48176	519.8034827683801	1.3629179000854492
0.7463787446125997	0.6283909170659289	730.48176	519.8034827683801	1.7465095520019531
0.7117490114721974	0.6279231945627046	730.48176	519.8034827683801	1.6643433570861816
0.8285742878058241	0.6287032059510604	730.48176	519.8034827683801	1.5516612529754639
0.8285742878058241	0.6287032059510604	730.48176	519.8034827683801	1.4498908519744873
0.8285742878058241	0.6287032059510604	730.48176	519.8034827683801	1.3163325786590576
0.7117490114721974	0.6279231945627046	730.48176	519.8034827683801	1.1838808059692383
0.7463787446125997	0.6283909170659289	730.48176	519.8034827683801	1.2521007061004639
0.7372535812001582	0.6282349147882577	730.48176	519.8034827683801	1.2276005744934082
0.7463787446125997	0.6283909170659289	730.48176	519.8034827683801	1.2067592144012451
0.7117490114721974	0.6279231945627046	730.48176	519.8034827683801	1.3072986602783203
0.8285742878058241	0.6287032059510604	730.48176	519.8034827683801	1.2778594493865967
0.7265657145201715	0.6280790072871829	730.48176	519.8034827683801	1.3120434284210205
0.7372535812001582	0.6282349147882577	730.48176	519.8034827683801	1.2124171257019043
0.8285742878058241	0.6287032059510604	730.48176	519.8034827683801	1.1970148086547852
0.8285742878058241	0.6287032059510604	730.48176	519.8034827683801	1.2150323390960693
0.6997304338744182	0.6277674766148226	730.48176	519.8034827683801	1.1070210933685303
0.6997304338744182	0.6277674766148226	730.48176	519.8034827683801	1.0835068225860596
0.7372535812001582	0.6282349147882577	730.48176	519.8034827683801	1.028562068939209
0.7744171402971329	0.6285470141201964	730.48176	519.8034827683801	1.0544650554656982
0.8285742878058241	0.6287032059510604	730.48176	519.8034827683801	1.190598487854004
0.8285742878058241	0.6287032059510604	730.48176	519.8034827683801	1.0466029644012451
0.7463787446125997	0.6283909170659289	730.48176	519.8034827683801	1.147770881652832
0.6876873374255011	0.627611853443537	730.48176	519.8034827683801	1.2223565578460693
0.6997304338744182	0.6277674766148226	730.48176	519.8034827683801	1.164139986038208
0.8285742878058241	0.6287032059510604	730.48176	519.8034827683801	1.1008212566375732
0.7744171402971329	0.6285470141201964	730.48176	519.8034827683801	1.1213040351867676
0.8285742878058241	0.6287032059510604	730.48176	519.8034827683801	1.1380584239959717
0.8285742878058241	0.6287032059510604	730.48176	519.8034827683801	1.1440985202789307
0.8285742878058241	0.6287032059510604	730.48176	519.8034827683801	1.963456392288208


----------------------------------------------------------------------------------------------------

K-Centers Results
----------------------------------------------------------------------------------------------------
Max Radius (Manhattan) [Mean] = 730.4817599999998	 [Standard Deviation] = 2.2737367544323206e-13
Max Radius (Euclidean) [Mean] = 519.8034827683801	 [Standard Deviation] = 0.0
Silhouette [Mean] = 0.7694690529637717	 [Standard Deviation] = 0.05191776000553515
Rand [Mean] = 0.628365156787028	 [Standard Deviation] = 0.00035584088077737037
Execution Time [Mean] = 1.2665475050608317	 [Standard Deviation] = 0.21202934341501786
----------------------------------------------------------------------------------------------------

K-Means Results
----------------------------------------------------------------------------------------------------
Max Radius (Manhattan) =  652.2036821079291
Max Radius (Euclidean) =  463.54423304501216
Silhouette =  0.5091835220675637
Rand =  0.6630752655071571
Execution Time =  1.1107089519500732
